[368009,692258] [367997,692238]
[224993,8949] [225027,9021]
[310030,617060] [309987,616917]
[352007,448149] [351925,447990]
[82990,954076] [84000,954016]
[352985,448808] [354004,448784]
[859092,998015] [858956,996996]
[288007,106174] [286996,105983]
[181965,287013] [182007,285983]
[748982,67024] [749105,65994]
[507984,299788] [509012,300040]
[436982,599933] [438035,600076]
[156013,511165] [154975,510876]
[711183,760018] [710907,758967]
[395277,197989] [394845,199001]
[23995,972066] [25006,970990]
[634000,472033] [632974,470912]
[959978,493025] [961063,491959]
[753978,383017] [755002,381873]
[650117,598000] [649963,595995]
[296009,855138] [293999,855044]
[554992,476554] [557004,476524]
[256997,652950] [259010,653043]
[349002,827133] [346990,826884]
[4836,50005] [5041,47970]
[837021,892105] [834970,891943]
[917954,371880] [920025,372088]
[264966,648954] [266047,651028]
[261043,45926] [258990,47142]
[114040,701955] [111980,704030]
[128874,111984] [131025,114038]
[403999,252996] [407011,253123]
[694025,668007] [693785,664993]
[852947,625990] [853333,629000]
[623014,915040] [619986,913967]
[209878,758077] [211037,754988]
[400942,707018] [404085,705993]
[707021,813186] [703975,811869]
[478969,358014] [482017,355971]
[219976,290106] [222034,286971]
[639161,658994] [638990,663016]
[616004,876939] [611978,877063]
[542006,537756] [537989,538141]
[975019,539042] [970999,537982]
[928022,492037] [926944,487996]
[603831,190991] [605089,195026]
[625985,627024] [629007,623996]
[330873,39947] [332263,44000]
[450012,801952] [446992,805002]
[687988,529984] [692049,532001]
[780136,578001] [777939,573995]
[544036,50054] [539958,47916]
[809999,889079] [815002,888750]
[421049,716016] [420692,710994]
[982005,328710] [976970,329070]
[586003,386039] [581996,382918]
[6062,101981] [1951,105020]
[212999,288031] [214074,282999]
[626999,323986] [628071,329020]
[641998,986046] [646147,982984]
[114008,701010] [112914,695967]
[140133,694990] [138875,700003]
[205019,783901] [199976,785043]
[795928,852023] [801005,850957]
[677951,969118] [681102,964987]
[878870,259028] [880055,253951]
[565893,487975] [567203,493026]
[713966,793050] [719036,790991]
[988112,441977] [985982,447021]
[229967,565996] [234007,570027]
[264045,648988] [259985,653002]
[811993,225970] [816022,230028]
[127968,467961] [132007,472085]
[133920,97974] [137002,103008]
[146031,690950] [140976,694011]
[858047,996021] [854999,990912]
[125984,118045] [131001,114817]
[698001,589177] [691988,588966]
[683030,990012] [682695,983995]
[620970,497943] [627003,498110]
[517009,421787] [510973,422143]
[147033,53996] [145970,60006]
[157001,430995] [150969,432063]
[680982,976989] [682173,983005]
[843047,693008] [841871,686978]
[341995,197762] [348037,199005]
[212981,288871] [219039,290043]
[959003,493917] [952972,496027]
[680003,976068] [677988,969995]
[304967,990963] [307087,997001]
[452997,741060] [455185,734995]
[868008,391963] [862968,396013]
[90994,912046] [95023,906944]
[508945,961863] [514110,966007]
[571039,500009] [567923,493967]
[157992,430795] [165009,431114]
[422004,946826] [414990,947250]
[515014,269016] [513856,261996]
[797848,202976] [799174,210019]
[722064,938063] [716941,932962]
[529981,778959] [536059,783005]
[436004,599011] [431993,592905]
[238991,423018] [246010,420965]
[278134,799001] [273991,792974]
[121978,106876] [128003,111026]
[715049,253069] [708966,248977]
[6989,101954] [14019,104092]
[593985,80018] [601051,77978]
[774982,779994] [782052,782030]
[929057,541949] [921994,544246]
[36034,547022] [28982,543998]
[911982,635079] [919024,631998]
[769970,262990] [773033,270046]
[904023,599027] [900977,591953]
[505060,593041] [497975,589985]
[422023,946054] [418964,938964]
[411000,547006] [405909,540979]
[996030,152002] [990928,145959]
[554027,476882] [548973,483003]
[823057,485973] [817932,492086]
[151930,423891] [157068,430026]
[43001,758824] [34993,759037]
[195977,485901] [204007,486214]
[260009,189959] [251974,190226]
[489004,240029] [480997,238939]
[589005,798034] [580995,796886]
[796987,312026] [798075,303995]
[343009,754980] [335980,759022]
[528127,366004] [526897,357978]
[487033,297994] [479995,302093]
[235020,833991] [230825,841014]
[997025,707023] [989990,702828]
[180997,97939] [189005,100018]
[667006,299932] [658994,302058]
[246986,420997] [255027,423111]
[895080,398024] [892982,389977]
[153963,520046] [156065,511994]
[356772,71992] [359058,80030]
[207090,495040] [204914,486971]
[475991,311001] [479023,302963]
[950017,112019] [946938,103995]
[797026,202070] [788985,198963]
[743958,439890] [752040,443007]
[287995,847982] [293046,855035]
[504002,392044] [496965,386963]
[197030,106024] [189972,100948]
[746019,538936] [740996,546072]
[247153,890045] [241997,882985]
[830032,593929] [824976,601071]
[508130,961026] [500958,955988]
[604908,503069] [610027,495947]
[595000,41439] [585999,41224]
[574996,733999] [584009,734060]
[685874,90007] [686237,80995]
[395042,197023] [386988,192963]
[492992,142042] [502010,141701]
[442991,735018] [447100,726980]
[245045,508945] [240978,517008]
[728006,893916] [718998,895099]
[709024,956925] [700984,961171]
[85006,710845] [75993,712086]
[845169,506019] [840969,497948]
[620004,497064] [610975,495836]
[778962,200135] [788026,198986]
[664005,970713] [654968,972088]
[99070,23995] [96933,33011]
[228052,580977] [221956,588017]
[939023,544124] [929969,541886]
[473093,274006] [465910,267959]
[777991,573098] [784129,565933]
[824015,601993] [818922,610010]
[51084,304990] [42990,310039]
[425989,555095] [434016,549927]
[243970,649008] [249120,640956]
[158990,22064] [168005,18847]
[50061,155017] [46908,145969]
[357015,324091] [353951,314980]
[612972,204914] [622078,208059]
[709956,956000] [714008,946964]
[176027,705018] [166985,700935]
[761956,533973] [771042,538014]
[99940,23901] [109024,28036]
[722032,938997] [714928,946008]
[360003,827434] [349997,827477]
[980997,166549] [991004,166496]
[471006,428081] [460996,428158]
[374290,20992] [373784,31002]
[79970,91963] [87068,99075]
[455070,734011] [447888,726955]
[167107,420998] [165877,431000]
[281013,827845] [270997,829003]
[903044,676042] [896980,667985]
[594002,950168] [583989,948914]
[670841,428973] [672140,439000]
[864068,407042] [862819,396993]
[857028,41833] [846981,43114]
[492034,142882] [481992,144233]
[759068,434923] [752957,443013]
[612020,204078] [605984,195922]
[895135,398997] [886999,405090]
[138993,700989] [141036,711024]
[825037,718009] [822859,707987]
[913994,75058] [924043,72924]
[113122,887980] [110968,898055]
[425004,555981] [419902,565014]
[228949,580039] [234248,570993]
[350054,150992] [339999,154005]
[287959,847008] [291085,836973]
[542966,537012] [553007,533878]
[885808,337024] [889079,326945]
[89953,503956] [97016,512024]
[940941,851058] [949046,843983]
[535052,450988] [530998,461006]
[337036,271997] [326994,276062]
[128899,111012] [137164,103991]
[265997,840005] [270093,829959]
[436007,599934] [426993,606012]
[376941,774961] [381138,785016]
[828952,851013] [838033,844954]
[728993,893041] [735016,883915]
[803055,439033] [793899,432992]
[315060,575001] [308943,565870]
[151002,423484] [139995,423550]
[985006,447994] [984790,459001]
[744997,840917] [756009,840835]
[938121,881004] [937824,869989]
[568987,797209] [580011,796946]
[191763,973994] [192599,985008]
[695908,624006] [697045,612992]
[902998,153754] [914007,155005]
[297066,416995] [295971,428035]
[850998,398077] [862027,396853]
[802230,99009] [800953,87983]
[704983,930975] [716033,932079]
[309768,616014] [311020,604977]
[262977,135013] [274004,133606]
[610029,495027] [607898,483989]
[939986,544133] [951037,541959]
[947910,124025] [950021,112955]
[724000,981845] [712988,984264]
[866122,949968] [863651,961005]
[624004,537007] [615963,528965]
[868967,391002] [877092,382992]
[366964,102085] [375082,93994]
[56990,890995] [64063,900046]
[965083,749989] [957999,759041]
[646945,982030] [654062,972982]
[337052,271038] [329951,261942]
[520970,940002] [531001,933979]
[409972,463020] [416004,452972]
[202985,634029] [213009,627957]
[828949,851976] [839015,858013]
[236993,551922] [248059,556068]
[12866,136057] [19020,125936]
[677002,969876] [664993,970307]
[978003,748805] [965983,749144]
[762662,655992] [763146,668014]
[512753,248995] [513089,261025]
[281965,827959] [291024,836034]
[917973,371052] [923026,359995]
[119968,152992] [129042,161110]
[385001,967000] [379827,955978]
[202910,634990] [208091,646025]
[624994,537045] [637013,534986]
[498876,970068] [508032,961983]
[858951,996042] [870033,990900]
[268008,426094] [255974,423890]
[239031,206133] [226968,203972]
[256023,652174] [243983,649824]
[557975,476959] [565093,487021]
[921051,544962] [910945,552042]
[881014,998021] [870882,990946]
[818130,610034] [810913,599955]
[792003,667208] [779999,663974]
[835071,356990] [831882,369020]
[68980,991905] [81038,995000]
[940223,851032] [936981,838994]
[58955,439045] [62109,426965]
[657942,141040] [669020,134981]
[344002,259996] [337942,271078]
[726947,401973] [733070,413025]
[99040,23010] [86999,18998]
[883996,662992] [896001,667200]
[736074,141988] [731961,154030]
[60043,926005] [55927,913950]
[678948,593113] [691038,588958]
[132969,472038] [142016,462962]
[514934,966950] [524004,976039]
[589918,798041] [599068,788983]
[454073,304987] [443980,313040]
[54039,345959] [45933,356040]
[383000,133012] [382876,119997]
[10922,757991] [11215,771011]
[424958,678996] [437026,684025]
[347992,88000] [359050,80950]
[405017,540968] [393965,548033]
[301988,363044] [313028,355953]
[384943,747975] [392050,759008]
[690951,650959] [693110,664029]
[330022,39012] [316988,35985]
[656001,343021] [642984,339907]
[430137,620006] [426951,606979]
[768891,22003] [772090,8976]
[66059,412984] [62880,426021]
[458993,618861] [472017,622130]
[175944,581994] [179151,595038]
[773991,270084] [786012,263992]
[472005,622983] [462994,633054]
[696868,824015] [703060,811999]
[44944,659969] [57044,666073]
[261966,45965] [272074,55007]
[321066,558829] [308987,565036]
[495053,764926] [484973,774033]
[805991,585996] [810015,599002]
[918017,866983] [909930,878000]
[935996,451029] [944001,439950]
[26975,66009] [31114,52961]
[543020,924964] [531990,933073]
[996009,152991] [991900,166069]
[441977,512027] [453075,503968]
[396050,572978] [387968,584089]
[967948,208078] [979047,199976]
[794075,791027] [782982,782886]
[532057,963992] [524991,976003]
[150004,432991] [144933,446002]
[600058,249964] [587996,257040]
[477024,414967] [471961,428012]
[487912,297002] [488094,282998]
[373002,31092] [358997,31273]
[446045,805002] [432997,799890]
[70933,631953] [83059,639013]
[159027,449010] [144998,446945]
[318982,870073] [333002,867947]
[455989,734036] [470016,731913]
[885015,337079] [873996,327972]
[236095,551975] [229998,565004]
[856043,61953] [849985,75007]
[867042,865062] [855938,855904]
[879884,647974] [883129,662014]
[278036,799976] [271905,813023]
[389979,932153] [402011,923965]
[64072,900929] [55997,913040]
[374002,20073] [365984,7923]
[978790,748994] [987032,761009]
[746993,538046] [761004,533979]
[71001,885998] [56973,890117]
[747021,680029] [739978,666967]
[588953,342999] [602035,350057]
[425051,555047] [411974,547952]
[960024,510075] [952959,496976]
[292904,382972] [300012,396050]
[402001,923128] [388926,915947]
[740005,546995] [734896,561029]
[21116,745980] [10958,757012]
[271056,813989] [270997,829003]
[59995,714007] [75014,712994]
[897965,542998] [910004,552038]
[170998,315255] [186000,313867]
[282028,653132] [266994,651977]
[144137,446978] [142694,462013]
[219954,290918] [232024,300021]
[112969,695018] [115022,679983]
[855022,855948] [839981,858033]
[467050,541989] [464846,557017]
[483030,538979] [467971,541001]
[659998,498026] [668027,484977]
[771994,538003] [785081,529993]
[877974,382945] [892040,389082]
[541005,225051] [525976,221938]
[417976,844071] [433009,840976]
[812040,648023] [808867,632986]
[530058,461934] [521967,475089]
[572017,221005] [556998,216972]
[254974,669013] [259010,653984]
[231146,187996] [226983,203009]
[184995,75923] [200003,80126]
[763998,668135] [779006,663885]
[404995,705799] [420013,710056]
[606052,938980] [594955,950034]
[745040,649056] [732997,638976]
[216016,450976] [203981,461078]
[110027,898979] [95997,906123]
[851080,484954] [840956,497021]
[427971,743112] [442022,735988]
[53994,999126] [68007,991880]
[49886,681015] [57127,666977]
[473959,274895] [488056,282032]
[642027,339012] [628931,329978]
[324969,486952] [334027,500065]
[299196,56002] [298985,39995]
[48016,51780] [31995,52261]
[897917,542002] [899027,525993]
[163957,683996] [166093,700000]
[812985,648056] [829000,645924]
[345992,883928] [362005,886087]
[277990,862008] [293018,855990]
[454911,304030] [457179,287995]
[992932,959004] [995279,942978]
[107047,191013] [92982,182961]
[751983,19893] [768022,22344]
[954013,888004] [938958,881823]
[541928,225072] [556000,216882]
[216988,450966] [233006,454098]
[254067,669965] [250932,686015]
[964981,342031] [976008,329951]
[565979,487029] [577091,474993]
[343997,754977] [355036,767081]
[244015,794719] [227961,798040]
[793993,432010] [807019,421905]
[22046,273053] [8948,262988]
[344990,259951] [361000,264055]
[385916,967943] [399047,978002]
[551046,695045] [546907,678979]
[648116,483024] [634938,472925]
[885956,337956] [893099,353004]
[543918,924944] [559016,932036]
[844931,609990] [852043,625080]
[540991,805950] [555025,815009]
[820934,835989] [828170,851051]
[206986,578936] [221015,588029]
[576979,694998] [591000,704115]
[93950,343905] [103078,358008]
[745989,649992] [762009,655099]
[745049,649999] [739889,666018]
[579927,58013] [585078,41985]
[263960,461026] [280019,455907]
[933038,188076] [916992,182902]
[126105,410045] [120945,393991]
[551194,695986] [545984,712030]
[766132,735940] [760963,752021]
[26897,66996] [27115,84002]
[321924,558000] [323167,540999]
[98994,247774] [116004,249022]
[178988,220968] [196024,222222]
[134001,251300] [116968,249981]
[977955,306032] [986055,290989]
[241953,882009] [253017,868986]
[126964,410931] [139052,423041]
[342926,780030] [355089,767995]
[146995,690028] [163037,683964]
[930008,811044] [912986,808931]
[877067,382014] [874885,364997]
[502806,141017] [511009,125948]
[608003,60960] [601905,77007]
[397031,822019] [380993,815884]
[237023,23034] [225934,9922]
[576191,694983] [573924,712022]
[940109,851965] [937854,869009]
[659012,498009] [648995,483950]
[702990,707065] [717029,696933]
[310042,617974] [306911,635003]
[894986,804932] [912020,808120]
[316023,35878] [298970,39003]
[861016,688992] [843985,693008]
[54956,345985] [72000,350026]
[783026,286006] [773976,270979]
[378122,676944] [368919,692016]
[617972,757001] [631019,744981]
[618995,457982] [632047,470037]
[269036,479000] [263924,461953]
[647119,458997] [634975,472010]
[523013,587903] [505953,593003]
[194034,699938] [176967,705016]
[406956,684076] [424030,678946]
[549001,437972] [535923,450111]
[21982,745909] [34062,759042]
[237986,23023] [252026,11972]
[811080,225046] [799974,210944]
[958927,191950] [967016,208034]
[616977,876935] [633034,885081]
[161659,636985] [162051,655001]
[661628,681991] [660954,700011]
[71962,885070] [80032,868941]
[684022,779959] [665998,781006]
[485956,822945] [503008,829014]
[711995,760992] [727068,771051]
[305007,677993] [302943,696007]
[815994,888894] [834004,891046]
[39090,527996] [28944,543031]
[685006,90059] [666987,87954]
[758920,105003] [776037,98908]
[918970,866970] [937018,869082]
[681987,964244] [700015,961889]
[787921,905992] [790057,924051]
[108136,927992] [104966,946037]
[480015,238108] [461959,234990]
[951989,541342] [970004,537846]
[324003,486997] [314982,503002]
[65022,65969] [47991,73032]
[131963,114935] [148054,124005]
[400122,707997] [390980,724062]
[441012,512814] [423982,520001]
[172994,968998] [191033,973041]
[748038,67862] [730997,75053]
[338018,963025] [319967,958988]
[814992,994019] [819087,975979]
[398001,146005] [383968,133949]
[135974,505935] [154010,510099]
[676969,629026] [695025,624927]
[22904,273001] [32006,256876]
[869936,912937] [888010,917021]
[360977,827928] [377107,837086]
[753109,383014] [738907,370985]
[180021,97939] [164983,109043]
[239877,206012] [251001,190948]
[345015,883049] [333980,867885]
[820947,835004] [826094,816952]
[42069,310968] [30761,326030]
[481015,144947] [463939,153007]
[662055,757003] [651944,740997]
[693001,664816] [673997,664725]
[169997,724006] [176024,705970]
[857108,41989] [856962,61005]
[123997,596268] [143011,595782]
[925992,910091] [945009,909654]
[595591,41012] [596000,21974]
[276004,759975] [257997,766180]
[487996,297902] [507003,299301]
[43960,758277] [63017,756800]
[322758,333002] [325068,313997]
[597959,218020] [612000,204996]
[297958,416039] [300245,396987]
[391076,604008] [387875,584996]
[381976,785951] [401018,789123]
[359939,80944] [375036,93016]
[631970,744145] [651040,740951]
[713099,793987] [703989,811061]
[457978,287095] [473081,274981]
[727027,771998] [719852,790000]
[563024,834027] [555989,815948]
[267946,509958] [275040,528033]
[141916,711945] [149011,730024]
[69837,218004] [77069,199957]
[104993,946129] [124006,941836]
[476951,381916] [496010,386031]
[823999,485859] [840012,497031]
[422910,946983] [439029,958021]
[786980,263800] [806005,268244]
[661993,681082] [673036,664962]
[983065,364958] [966984,376072]
[392992,759988] [412033,765202]
[623950,915056] [643034,909997]
[292890,382000] [301003,363975]
[369963,906988] [388037,915003]
[201007,328018] [186999,313928]
[674977,220101] [689007,205984]
[844006,609019] [830924,593990]
[133066,97009] [118966,82927]
[369007,906004] [362942,886980]
[574007,733002] [573477,712990]
[406092,684985] [404897,705015]
[503135,829985] [501601,850014]
[963904,397005] [966079,376974]
[710975,758112] [723020,741937]
[12262,136991] [9733,157029]
[133987,97072] [152025,87947]
[56001,890990] [35994,894003]
[572997,221059] [582134,202970]
[618051,457016] [598980,449927]
[104027,946992] [84964,954225]
[663024,722934] [651995,740092]
[331843,376990] [336036,397006]
[14912,104980] [19188,125010]
[209015,758842] [188980,763135]
[773041,270999] [757978,285046]
[164005,109933] [148947,124011]
[376935,774029] [392038,759991]
[418059,938061] [402984,923985]
[597025,218075] [582932,202996]
[893021,353976] [874974,364022]
[39130,527008] [24978,511959]
[655047,574977] [649988,595017]
[65080,65005] [48992,51975]
[547936,644011] [561004,627951]
[173129,466042] [159970,449970]
[568043,797959] [555979,815005]
[93039,343943] [72982,350010]
[486967,196974] [493056,217030]
[376010,774076] [355998,767811]
[953005,308154] [931995,308172]
[245995,508808] [267002,509283]
[184822,75019] [185194,53993]
[592979,597862] [614009,598361]
[983983,364980] [993024,384045]
[872995,106057] [882001,86941]
[663034,722010] [660861,700967]
[377705,837005] [380166,815992]
[540188,805005] [536971,783995]
[813968,514008] [817173,492991]
[184047,75992] [180825,97020]
[122046,547998] [100979,551078]
[783981,286968] [798014,303062]
[77956,199035] [92071,182975]
[294990,589931] [311117,604001]
[977988,306985] [982081,328023]
[962965,464011] [984008,459822]
[320964,188954] [341015,197033]
[836033,219891] [816899,230001]
[954044,888963] [945857,909011]
[477050,414079] [456940,405942]
[595977,41950] [608016,60071]
[754914,511997] [761010,533008]
[249051,640018] [242760,618981]
[366913,102998] [382021,119000]
[698479,589999] [697822,612000]
[741010,175051] [731951,154985]
[956524,689006] [955865,666979]
[61008,181067] [38988,179989]
[878956,259982] [898018,271062]
[478158,358996] [476996,381018]
[33218,29999] [31988,52032]
[499061,792060] [484982,774958]
[18996,464572] [41011,467304]
[715986,253957] [737001,261071]
[90961,912893] [108067,927023]
[489912,240004] [493013,217998]
[197980,106964] [220006,111004]
[350967,150980] [372001,159020]
[459034,825018] [446954,805999]
[322092,333990] [313932,355000]
[469001,912936] [449999,925107]
[67957,848979] [80052,868038]
[27011,84960] [14904,104017]
[15024,565993] [2955,585082]
[975999,539991] [998005,545204]
[384955,747063] [390051,724965]
[94014,582983] [76999,598071]
[36972,547978] [52044,565017]
[61921,181934] [77051,199030]
[396979,572029] [419003,565996]
[533876,828029] [540012,805990]
[106921,271008] [116018,249990]
[285075,550001] [275915,528970]
[818006,610964] [808898,632020]
[820126,835995] [801986,850056]
[520238,940994] [508954,961004]
[948003,72935] [924992,72932]
[114993,701058] [138009,700881]
[931000,308546] [907995,307786]
[558974,123995] [560036,147026]
[977005,306755] [953992,308237]
[721988,189010] [741022,175990]
[685982,90996] [699031,110059]
[665040,781001] [662852,757987]
[803969,439082] [827009,436962]
[512034,248024] [489984,240995]
[550022,353975] [526997,357170]
[928995,492846] [952070,496083]
[199105,785005] [188971,763984]
[306939,635967] [328018,646009]
[744008,840038] [720988,835990]
[198016,32973] [185992,53029]
[769006,262006] [764855,238981]
[789021,361040] [765997,356864]
[429071,264075] [407959,253957]
[490025,925025] [469961,912961]
[354896,448971] [371041,466008]
[210982,549965] [229024,565015]
[428940,912940] [449037,925113]
[445960,170046] [463088,153901]
[98000,247840] [74988,253054]
[919981,631925] [943004,637128]
[665912,781995] [671088,805028]
[277031,862998] [253995,868202]
[327941,73981] [347040,88014]
[534075,860974] [522961,882065]
[872867,106997] [884016,128080]
[17996,932839] [40013,942041]
[389120,932970] [379935,955026]
[690011,650054] [676969,629976]
[653964,234015] [674060,220998]
[294993,589070] [315021,575931]
[843007,693876] [822962,707012]
[589940,798998] [590156,823013]
[203874,461989] [204723,486001]
[576009,694869] [551978,695427]
[638032,663990] [636900,688007]
[933991,188771] [958011,191057]
[552084,74053] [544914,50985]
[537092,538973] [519975,556019]
[320076,188968] [317868,213027]
[882899,86985] [901070,103006]
[15995,565043] [28024,543976]
[7924,337055] [30017,326992]
[60045,926980] [40990,942031]
[707996,813948] [720180,835011]
[922876,748978] [927029,773018]
[648005,483900] [627987,498024]
[136987,630870] [161016,636044]
[279994,996100] [304044,990988]
[700988,961980] [712235,984000]
[123000,596977] [101991,610054]
[944097,439016] [934946,415998]
[633891,885997] [643010,909028]
[66993,412866] [88033,426000]
[117023,215073] [107919,191996]
[661023,681935] [636969,688060]
[593071,80995] [575998,99037]
[805018,585126] [780942,578972]
[889909,326005] [907044,307982]
[974000,71591] [948994,72276]
[802003,99300] [776990,98715]
[194952,699071] [215006,683965]
[485001,822923] [459971,825022]
[836970,219013] [860016,208984]
[102000,480980] [89907,503037]
[318021,870030] [296982,855967]
[413095,168021] [398984,146985]
[205938,783949] [227004,798018]
[427025,743991] [412859,765001]
[181962,287982] [186062,313010]
[5999,47926] [31035,52217]
[85999,710041] [111008,704865]
[616965,876002] [635063,857970]
[621011,95022] [601952,77978]
[681036,964016] [675876,938962]
[609984,119022] [621133,95998]
[192991,985748] [218023,991105]
[688054,466999] [668968,484074]
[458042,618058] [438999,600922]
[405903,540011] [423008,520934]
[50112,155960] [38862,179068]
[765017,356965] [755952,381059]
[787956,905037] [809002,889944]
[440973,383945] [456082,405024]
[276992,759782] [303000,760250]
[962530,464985] [961741,491003]
[914877,155996] [916079,182000]
[299000,56878] [272995,55688]
[268991,426929] [295003,428177]
[448081,200935] [435967,224042]
[193956,195999] [196068,222009]
[887907,756001] [890214,729989]
[604817,503958] [615006,528031]
[285971,550866] [308027,565053]
[564069,174028] [560880,147981]
[792916,667004] [812039,648974]
[444927,654002] [462004,633999]
[331013,376043] [313986,355975]
[731042,154005] [705981,145953]
[547105,644003] [527979,625914]
[753988,383974] [767005,407004]
[101014,610088] [76998,598952]
[105033,791955] [91879,815013]
[930871,811987] [936049,838025]
[340966,686971] [367017,692200]
[428054,912952] [418997,938013]
[435999,224872] [461007,234090]
[743007,439019] [733938,413949]
[174933,819985] [190002,842010]
[145878,60997] [152045,87012]
[439999,958042] [466039,951894]
[606991,938009] [619095,913974]
[102920,480011] [127023,467975]
[864994,407998] [875081,433010]
[383009,133985] [372909,159009]
[491030,712975] [470946,731000]
[548021,483023] [521977,475951]
[759851,434003] [767058,407967]
[163105,683009] [162401,655997]
[353010,314369] [325987,313677]
[767986,407134] [791015,392947]
[894016,804908] [876989,826041]
[908058,223034] [891986,200972]
[778009,200936] [750965,205063]
[516003,726121] [491996,712979]
[650946,598027] [678029,593968]
[726026,401936] [701950,415042]
[90029,912057] [64955,900948]
[751020,19893] [725962,31053]
[857902,41030] [871042,16904]
[583085,948014] [559971,932992]
[312994,144908] [339000,154117]
[960944,510975] [970168,537026]
[641005,986139] [613987,979916]
[983057,364041] [964933,342980]
[173919,466985] [195102,485005]
[370012,350012] [357975,324926]
[846010,43993] [821987,58037]
[363985,651985] [378040,676036]
[358064,31994] [332974,44102]
[614825,598992] [629023,623021]
[406012,684020] [378997,676720]
[29011,211684] [997,212532]
[244998,794116] [273003,792656]
[758026,105946] [729979,107001]
[558956,123075] [575019,99980]
[954995,888084] [971110,864990]
[65979,65975] [79007,91065]
[873005,327211] [847987,313948]
[327917,73016] [332304,44986]
[431022,592022] [419698,565985]
[155974,191032] [171138,166994]
[417006,844114] [397976,822999]
[992009,959881] [969999,978055]
[732806,638017] [742035,610970]
[306011,635993] [282937,653002]
[893994,353971] [917014,371064]
[512917,248001] [525005,221997]
[870083,990003] [863979,961969]
[515000,269998] [488954,282031]
[935966,451933] [962027,464010]
[771983,538879] [784008,565067]
[459054,825951] [433920,840108]
[538031,292932] [509999,300144]
[973002,638152] [943987,637905]
[381536,785999] [380733,815004]
[533011,828604] [503999,829379]
[269019,479975] [267869,509010]
[448094,200001] [445819,170992]
[729002,107935] [699981,110220]
[212010,288063] [182990,285744]
[288056,106996] [274998,133025]
[774121,779008] [760961,752989]
[242023,618998] [213949,627059]
[574101,733982] [570729,763006]
[913107,75955] [901928,103004]
[167815,420012] [183000,394977]
[922945,748005] [941036,724972]
[54042,345035] [30976,326986]
[775962,608015] [780076,578998]
[273169,792013] [257996,766937]
[504858,392992] [510129,422004]
[916056,182987] [891972,200007]
[902090,153084] [884973,128928]
[295058,428984] [280962,455037]
[263023,461014] [233983,454949]
[235989,833938] [265020,840094]
[444113,654972] [437915,684011]
[926027,487084] [905987,464929]
[630865,172926] [652050,194014]
[737927,261975] [757000,285019]
[434946,549863] [464014,557073]
[950993,112986] [981007,112774]
[688022,466011] [672995,439992]
[948207,72993] [946892,103027]
[476118,381906] [456890,405018]
[597917,218998] [600063,249002]
[206000,578668] [175993,581023]
[220934,111995] [223238,142007]
[696047,824094] [671997,805964]
[607014,483067] [577997,474917]
[552958,74001] [579065,58887]
[741958,175951] [750124,205000]
[943798,637989] [955036,666010]
[523182,587001] [519947,556979]
[879020,647021] [853988,629988]
[578960,979002] [583048,948976]
[191965,973070] [217009,955977]
[490941,925986] [500025,955046]
[364998,381026] [370048,350977]
[175018,581006] [160907,553977]
[94929,582026] [100077,551958]
[813042,514900] [785978,529027]
[770008,702130] [747995,680976]
[40058,942949] [25936,970023]
[972042,821983] [949920,843048]
[20967,694037] [49028,681910]
[237974,23943] [258138,47012]
[67013,848958] [37993,859057]
[860991,208113] [891046,200987]
[538958,292999] [569001,300190]
[516988,726110] [545082,712993]
[730396,75996] [729979,107001]
[533997,828994] [534259,860002]
[303991,760591] [335001,759733]
[413997,168750] [445004,170319]
[897006,542367] [865990,540969]
[804039,6987] [772973,8067]
[105012,791089] [73991,788952]
[66976,412031] [78041,382948]
[603983,190008] [630005,172931]
[635819,857022] [644111,826998]
[650034,598966] [629994,623011]
[72986,350997] [78030,382000]
[658048,302008] [645955,272944]
[58131,439906] [41995,467044]
[147924,53016] [158015,22973]
[706987,363917] [738077,370095]
[16069,615006] [2985,585998]
[289992,944960] [319017,958025]
[640004,52854] [608970,60025]
[807026,421005] [791853,392998]
[506011,30036] [474970,22874]
[957001,759987] [927970,773121]
[485928,822024] [499035,792966]
[305059,677006] [282987,653953]
[958929,191009] [980025,166982]
[29975,211015] [38019,179998]
[564942,174944] [582062,202032]
[135085,505009] [132930,472979]
[602930,350117] [628023,329985]
[766970,735013] [770008,702983]
[814003,994229] [781998,990924]
[834870,891015] [839118,858982]
[63985,756984] [73065,788021]
[46062,145054] [19942,125979]
[670999,428059] [701020,415950]
[70964,631008] [76068,598992]
[153902,520996] [160033,553017]
[717991,696013] [747022,680988]
[674034,220003] [652963,194911]
[861994,688048] [883037,662921]
[193965,195985] [226063,203041]
[413072,168976] [395987,197057]
[284065,726960] [276849,759042]
[934973,415036] [963039,397895]
[517885,421958] [535031,450067]
[671013,805891] [644948,826111]
[879998,647197] [911018,635916]
[117199,215996] [116878,249007]
[547227,644988] [546819,678004]
[998238,545996] [994967,579015]
[187143,360989] [183816,394013]
[59122,714003] [49900,681974]
[850007,398028] [831976,369963]
[613072,979038] [594985,950984]
[125011,118991] [119849,152020]
[736095,141007] [729820,107987]
[121007,106119] [87990,99796]
[802990,99961] [833050,115019]
[882031,86051] [849996,75826]
[483885,538055] [494012,505988]
[175003,581954] [143988,595008]
[201107,328979] [187978,360032]
[284974,726041] [302126,696935]
[528004,366986] [504960,392006]
[317013,213918] [283994,222183]
[871988,16140] [906002,14846]
[198980,32020] [224098,8971]
[215987,683872] [250007,686215]
[904988,599984] [919097,631043]
[304996,990032] [319141,958985]
[3997,869038] [37004,859994]
[989000,702018] [956959,689968]
[881985,998106] [915021,988987]
[721077,189950] [689998,205011]
[876084,826984] [855815,855038]
[764038,238021] [750853,205982]
[887981,756207] [922008,748985]
[694882,668962] [717010,696014]
[457002,287016] [429856,264999]
[878013,259754] [842993,260111]
[193026,195040] [171963,166998]
[942000,11898] [906989,14703]
[842006,260988] [806927,268011]
[506946,30948] [539068,47043]
[486993,196012] [518075,177941]
[907020,307032] [898959,271987]
[326253,276999] [325853,313012]
[718100,895985] [716903,932001]
[869410,912996] [866782,949000]
[190099,842972] [177824,877014]
[553954,533001] [571027,500932]
[669988,134919] [705023,145037]
[837976,892945] [869147,912016]
[408874,415972] [416064,452022]
[866016,949122] [832984,932971]
[956077,689990] [941936,724011]
[912966,808018] [927197,773987]
[854023,990219] [819999,975958]
[323008,540012] [314973,503991]
[562059,570043] [553898,533986]
[602012,350984] [581971,382077]
[626985,323058] [658064,302926]
[371995,466066] [409018,463861]
[440006,383014] [410868,359988]
[523836,587989] [527000,625014]
[386008,192974] [348990,199076]
[826931,816020] [848064,784914]
[915952,988011] [932107,953995]
[103897,358998] [120042,393029]
[653120,234965] [645993,272010]
[534988,860935] [566009,883027]
[845953,506975] [865059,540037]
[155013,191032] [129973,161985]
[312022,144082] [274990,133932]
[82104,954929] [68788,991030]
[326044,276987] [290999,293044]
[463174,153020] [451919,115982]
[190982,842047] [230003,841357]
[67991,848026] [91055,815974]
[52948,565990] [76004,598050]
[415018,85979] [375995,93039]
[498074,970975] [468877,998001]
[749041,65041] [725996,31973]
[687025,529046] [659927,498994]
[338983,963085] [379016,955959]
[22962,273988] [42106,310019]
[59825,714968] [63161,756000]
[986000,290003] [968989,251895]
[995823,942000] [999027,899997]
[696044,824961] [679987,864072]
[130016,846957] [113987,887002]
[65944,65051] [96005,33936]
[969035,978000] [932992,953904]
[408962,415011] [440033,383999]
[13989,412986] [62013,426045]
[172000,968002] [124994,941822]